14 0.000000 -100.000000 100.000000 0.714074 0.000000 0.000000 0.000000 0.500000 0.500000 1.000000 0.000000 -0.000000 -1.269465 -0.000000 0.000000 49.999996 176.946487 100.000000 0.000000
28 0.000000 -100.000000 100.000000 0.714074 0.000000 0.000000 0.000000 0.500000 0.500000 1.000000 0.000000 -0.000000 -1.269465 -0.000000 0.000000 49.999996 176.946487 100.000000 0.000000
42 0.000000 -100.000000 100.000000 0.714074 0.000000 0.000000 0.000000 0.500000 0.500000 1.000000 0.000000 -0.000000 -1.269465 -0.000000 0.000000 49.999996 176.946487 100.000000 0.000000
56 0.000000 -100.000000 100.000000 0.714074 0.000000 0.000000 0.000000 0.500000 0.500000 1.000000 0.000000 -0.000000 -1.269465 -0.000000 0.000000 49.999996 176.946487 100.000000 0.000000
70 0.000000 -100.000000 100.000000 0.714074 0.000000 0.000000 0.000000 0.500000 0.500000 1.000000 0.000000 -0.000000 -1.269465 -0.000000 0.000000 49.999996 176.946487 100.000000 0.000000
84 0.000000 -100.000000 100.000000 0.714074 0.000000 0.000000 0.000000 0.500000 0.500000 1.000000 0.000000 -0.000000 -1.269465 -0.000000 0.000000 49.999996 176.946487 100.000000 0.000000
98 0.000000 -100.000000 100.000000 0.714074 0.000000 0.000000 0.000000 0.500000 0.500000 1.000000 0.000000 -0.000000 -1.269465 -0.000000 0.000000 49.999996 176.946487 100.000000 0.000000
112 0.000000 -100.000000 100.000000 0.714074 0.000000 0.000000 0.000000 0.500000 0.500000 1.000000 0.000000 -0.000000 -1.269465 -0.000000 0.000000 49.999996 176.946487 100.000000 0.000000
126 0.000000 -100.000000 100.000000 0.714074 0.000000 0.000000 0.000000 0.500000 0.500000 1.000000 0.000000 -0.000000 -1.269465 -0.000000 0.000000 49.999996 176.946487 100.000000 0.000000
140 0.000000 -100.000000 100.000000 0.714074 0.000000 0.000000 0.000000 0.500000 0.500000 1.000000 0.000000 -0.000000 -1.269465 -0.000000 0.000000 49.999996 176.946487 100.000000 0.000000
154 0.000000 -100.000000 100.000000 0.714074 0.000000 0.000000 0.000000 0.500000 0.500000 1.000000 0.000000 -0.000000 -1.269465 -0.000000 0.000000 49.999996 176.946487 100.000000 0.000000
168 0.000000 -100.000000 100.000000 0.714074 0.000000 0.000000 0.000000 0.500000 0.500000 1.000000 0.000000 -0.000000 -1.269465 -0.000000 0.000000 49.999996 176.946487 100.000000 0.000000
182 0.000000 -100.000000 100.000000 0.714074 0.000000 0.000000 0.000000 0.500000 0.500000 1.000000 0.000000 -0.000000 -1.269465 -0.000000 0.000000 49.999996 176.946487 100.000000 0.000000
196 0.000000 -100.000000 100.000000 0.714074 0.000000 0.000000 0.000000 0.500000 0.500000 1.000000 0.000000 -0.000000 -1.269465 -0.000000 0.000000 49.999996 176.946487 100.000000 0.000000
210 0.000000 -100.000000 100.000000 0.714074 0.000000 0.000000 0.000000 0.500000 0.500000 1.000000 0.000000 -0.000000 -1.269465 -0.000000 0.000000 49.999996 176.946487 100.000000 0.000000
224 0.000000 -100.000000 100.000000 0.714074 0.000000 0.000000 0.000000 0.500000 0.500000 1.000000 0.000000 -0.000000 -1.269465 -0.000000 0.000000 49.999996 176.946487 100.000000 0.000000
238 0.000000 -100.000000 100.000000 0.714074 0.000000 0.000000 0.000000 0.500000 0.500000 1.000000 0.000000 -0.000000 -1.269465 -0.000000 0.000000 49.999996 176.946487 100.000000 0.000000
252 0.000000 -100.000000 100.000000 0.714074 0.000000 0.000000 0.000000 0.500000 0.500000 1.000000 0.000000 -0.000000 -1.269465 -0.000000 0.000000 49.999996 176.946487 100.000000 0.000000
266 0.000000 -100.000000 100.000000 0.714074 0.000000 0.000000 0.000000 0.500000 0.500000 1.000000 0.000000 -0.000000 -1.269465 -0.000000 0.000000 49.999996 176.946487 100.000000 0.000000
280 0.000000 -100.000000 100.000000 0.714074 0.000000 0.000000 0.000000 0.500000 0.500000 1.000000 0.000000 -0.000000 -1.269465 -0.000000 0.000000 49.999996 176.946487 100.000000 0.000000
297 0.000000 -100.000000 100.000000 0.714074 0.000000 0.000000 0.000000 0.500000 0.500000 1.000000 0.000000 -0.000000 -1.269465 -0.000000 0.000000 49.999996 176.946487 100.000000 0.000000
314 0.000000 -100.000000 100.000000 0.714074 0.000000 0.000000 0.000000 0.500000 0.500000 1.000000 0.000000 -0.000000 -1.269465 -0.000000 0.000000 49.999996 176.946487 100.000000 0.000000
330 0.000000 -100.000000 100.000000 0.714074 0.000000 0.000000 0.000000 0.500000 0.500000 1.000000 0.000000 -0.000000 -1.269465 -0.000000 0.000000 49.999996 176.946487 100.000000 0.000000
346 0.000000 -100.000000 100.000000 0.714074 0.000000 0.000000 0.000000 0.500000 0.500000 1.000000 0.000000 -0.000000 -1.269465 -0.000000 0.000000 49.999996 176.946487 100.000000 0.000000
361 0.000000 -100.000000 100.000000 0.714074 0.000000 0.000000 0.000000 0.500000 0.500000 1.000000 0.000000 -0.000000 -1.269465 -0.000000 0.000000 49.999996 176.946487 100.000000 0.000000
377 0.000000 -100.000000 100.000000 0.714074 0.000000 0.000000 0.000000 0.500000 0.500000 1.000000 0.000000 -0.000000 -1.269465 -0.000000 0.000000 49.999996 176.946487 100.000000 0.000000
393 0.000000 -100.000000 100.000000 0.714074 0.000000 0.000000 0.000000 0.500000 0.500000 1.000000 0.000000 -0.000000 -1.269465 -0.000000 0.000000 49.999996 176.946487 100.000000 0.000000
410 0.000000 -100.000000 100.000000 0.714074 0.000000 0.000000 0.000000 0.500000 0.500000 1.000000 0.000000 -0.000000 -1.269465 -0.000000 0.000000 49.999996 176.946487 100.000000 0.000000
426 0.000000 -100.000000 100.000000 0.714074 0.000000 0.000000 0.000000 0.500000 0.500000 1.000000 0.000000 -0.000000 -1.269465 -0.000000 0.000000 49.999996 176.946487 100.000000 0.000000
441 0.000000 -100.000000 100.000000 0.714074 0.000000 0.000000 0.000000 0.500000 0.500000 1.000000 0.000000 -0.000000 -1.269465 -0.000000 0.000000 49.999996 176.946487 100.000000 0.000000
458 0.000000 -100.000000 100.000000 0.714074 0.000000 0.000000 0.000000 0.500000 0.500000 1.000000 0.000000 -0.000000 -1.269465 -0.000000 0.000000 49.999996 176.946487 100.000000 0.000000
474 0.000000 -100.000000 100.000000 0.714074 0.000000 0.000000 0.000000 0.500000 0.500000 1.000000 0.000000 -0.000000 -1.269465 -0.000000 0.000000 49.999996 176.946487 100.000000 0.000000
489 0.000000 -100.000000 100.000000 0.714074 0.000000 0.000000 0.000000 0.500000 0.500000 1.000000 0.000000 -0.000000 -1.269465 -0.000000 0.000000 49.999996 176.946487 100.000000 0.000000
505 0.000000 -100.000000 100.000000 0.714074 0.000000 0.000000 0.000000 0.500000 0.500000 1.000000 0.000000 -0.000000 -1.269465 -0.000000 0.000000 49.999996 176.946487 100.000000 0.000000
521 0.000000 -100.000000 100.000000 0.714074 0.000000 0.000000 0.000000 0.500000 0.500000 1.000000 0.000000 -0.000000 -1.269465 -0.000000 0.000000 49.999996 176.946487 100.000000 0.000000
539 0.000000 -100.000000 100.000000 0.714074 0.000000 0.000000 0.000000 0.500000 0.500000 1.000000 0.000000 -0.000000 -1.269465 -0.000000 0.000000 49.999996 176.946487 100.000000 0.000000
554 0.000000 -100.000000 100.000000 0.714074 0.000000 0.000000 0.000000 0.500000 0.500000 1.000000 0.000000 -0.000000 -1.269465 -0.000000 0.000000 49.999996 176.946487 100.000000 0.000000
571 0.000000 -100.000000 100.000000 0.714074 0.000000 0.000000 0.000000 0.500000 0.500000 1.000000 0.000000 -0.000000 -1.269465 -0.000000 0.000000 49.999996 176.946487 100.000000 0.000000
586 0.000000 -100.000000 100.000000 0.714074 0.000000 0.000000 0.000000 0.500000 0.500000 1.000000 0.000000 -0.000000 -1.269465 -0.000000 0.000000 49.999996 176.946487 100.000000 0.000000
602 0.000000 -100.000000 100.000000 0.714074 0.000000 0.000000 0.000000 0.500000 0.500000 1.000000 0.000000 -0.000000 -1.269465 -0.000000 0.000000 49.999996 176.946487 100.000000 0.000000
618 0.000000 -100.000000 100.000000 0.714074 0.000000 0.000000 0.000000 0.500000 0.500000 1.000000 0.000000 -0.000000 -1.269465 -0.000000 0.000000 49.999996 176.946487 100.000000 0.000000
636 0.000000 -100.000000 100.000000 0.714074 0.000000 0.000000 0.000000 0.500000 0.500000 1.000000 0.000000 -0.000000 -1.269465 -0.000000 0.000000 49.999996 176.946487 100.000000 0.000000
651 0.000000 -100.000000 100.000000 0.714074 0.000000 0.000000 0.000000 0.500000 0.500000 1.000000 0.000000 -0.000000 -1.269465 -0.000000 0.000000 49.999996 176.946487 100.000000 0.000000
667 0.000000 -100.000000 100.000000 0.714074 0.000000 0.000000 0.000000 0.500000 0.500000 1.000000 0.000000 -0.000000 -1.269465 -0.000000 0.000000 49.999996 176.946487 100.000000 0.000000
683 0.000000 -100.000000 100.000000 0.714074 0.000000 0.000000 0.000000 0.500000 0.500000 1.000000 0.000000 -0.000000 -1.269465 -0.000000 0.000000 49.999996 176.946487 100.000000 0.000000
699 0.000000 -100.000000 100.000000 0.714074 0.000000 0.000000 0.000000 0.500000 0.500000 1.000000 0.000000 -0.000000 -1.269465 -0.000000 0.000000 49.999996 176.946487 100.000000 0.000000
715 0.000000 -100.000000 100.000000 0.714074 0.000000 0.000000 0.000000 0.500000 0.500000 1.000000 0.000000 -0.000000 -1.269465 -0.000000 0.000000 49.999996 176.946487 100.000000 0.000000
731 0.000000 -100.000000 100.000000 0.714074 0.000000 0.000000 0.000000 0.500000 0.500000 1.000000 0.000000 -0.000000 -1.269465 -0.000000 0.000000 49.999996 176.946487 100.000000 0.000000
747 0.000000 -100.000000 100.000000 0.714074 0.000000 0.000000 0.000000 0.500000 0.500000 1.000000 0.000000 -0.000000 -1.269465 -0.000000 0.000000 49.999996 176.946487 100.000000 0.000000
763 0.000000 -100.000000 100.000000 0.714074 0.000000 0.000000 0.000000 0.500000 0.500000 1.000000 0.000000 -0.000000 -1.269465 -0.000000 0.000000 49.999996 176.946487 100.000000 0.000000
779 0.000000 -100.000000 100.000000 0.714074 0.000000 0.000000 0.000000 0.500000 0.500000 1.000000 0.000000 -0.000000 -1.269465 -0.000000 0.000000 49.999996 176.946487 100.000000 0.000000
795 0.000000 -100.000000 100.000000 0.714074 0.000000 0.000000 0.000000 0.500000 0.500000 1.000000 0.000000 -0.000000 -1.269465 -0.000000 0.000000 49.999996 176.946487 100.000000 0.000000
831 0.000000 -100.000000 100.000000 0.714074 0.000000 0.000000 0.000000 0.500000 0.500000 1.000000 0.000000 -0.000000 -1.269465 -0.000000 0.000000 49.999996 176.946487 100.000000 0.000000
847 0.000000 -100.000000 100.000000 0.714074 0.000000 0.000000 0.000000 0.500000 0.500000 1.000000 0.000000 -0.000000 -1.269465 -0.000000 0.000000 49.999996 176.946487 100.000000 0.000000
861 0.000000 -100.000000 100.000000 0.714074 0.000000 0.000000 0.000000 0.500000 0.500000 1.000000 0.000000 -0.000000 -1.269465 -0.000000 0.000000 49.999996 176.946487 100.000000 0.000000
875 0.000000 -100.000000 100.000000 0.714074 0.000000 0.000000 0.000000 0.500000 0.500000 1.000000 0.000000 -0.000000 -1.269465 -0.000000 0.000000 49.999996 176.946487 100.000000 0.000000
889 0.000000 -100.000000 100.000000 0.714074 0.000000 0.000000 0.000000 0.500000 0.500000 1.000000 0.000000 -0.000000 -1.269465 -0.000000 0.000000 49.999996 176.946487 100.000000 0.000000
903 0.000000 -100.000000 100.000000 0.714074 0.000000 0.000000 0.000000 0.500000 0.500000 1.000000 0.000000 -0.000000 -1.269465 -0.000000 0.000000 49.999996 176.946487 100.000000 0.000000
917 0.000000 -100.000000 100.000000 0.714074 0.000000 0.000000 0.000000 0.500000 0.500000 1.000000 0.000000 -0.000000 -1.269465 -0.000000 0.000000 49.999996 176.946487 100.000000 0.000000
931 0.000000 -100.000000 100.000000 0.714074 0.000000 0.000000 0.000000 0.500000 0.500000 1.000000 0.000000 -0.000000 -1.269465 -0.000000 0.000000 49.999996 176.946487 100.000000 0.000000
945 0.000000 -100.000000 100.000000 0.714074 0.000000 0.000000 0.000000 0.500000 0.500000 1.000000 0.000000 -0.000000 -1.269465 -0.000000 0.000000 49.999996 176.946487 100.000000 0.000000
960 0.000000 -100.000000 100.000000 0.714074 0.000000 0.000000 0.000000 0.500000 0.500000 1.000000 0.000000 -0.000000 -1.269465 -0.000000 0.000000 49.999996 176.946487 100.000000 0.000000
977 0.000000 -100.000000 100.000000 0.714074 0.000000 0.000000 0.000000 0.500000 0.500000 1.000000 0.000000 -0.000000 -1.269465 -0.000000 0.000000 49.999996 176.946487 100.000000 0.000000
993 0.000000 -100.000000 100.000000 0.714074 0.000000 0.000000 0.000000 0.500000 0.500000 1.000000 0.000000 -0.000000 -1.269465 -0.000000 0.000000 49.999996 176.946487 100.000000 0.000000
1009 0.000000 -100.000000 100.000000 0.714074 0.000000 0.000000 0.000000 0.500000 0.500000 1.000000 0.000000 -0.000000 -1.269465 -0.000000 0.000000 49.999996 176.946487 100.000000 0.000000
1025 0.000000 -100.000000 100.000000 0.714074 0.000000 0.000000 0.000000 0.500000 0.500000 1.000000 0.000000 -0.000000 -1.269465 -0.000000 0.000000 49.999996 176.946487 100.000000 0.000000
1041 0.000000 -100.000000 100.000000 0.714074 0.000000 0.000000 0.000000 0.500000 0.500000 1.000000 0.000000 -0.000000 -1.269465 -0.000000 0.000000 49.999996 176.946487 100.000000 0.000000
1057 0.000000 -100.000000 100.000000 0.714074 0.000000 0.000000 0.000000 0.500000 0.500000 1.000000 0.000000 -0.000000 -1.269465 -0.000000 0.000000 49.999996 176.946487 100.000000 0.000000
1073 0.000000 -100.000000 100.000000 0.714074 0.000000 0.000000 0.000000 0.500000 0.500000 1.000000 0.000000 -0.000000 -1.269465 -0.000000 0.000000 49.999996 176.946487 100.000000 0.000000
1089 0.000000 -100.000000 100.000000 0.714074 0.000000 0.000000 0.000000 0.500000 0.500000 1.000000 0.000000 -0.000000 -1.269465 -0.000000 0.000000 49.999996 176.946487 100.000000 0.000000
1105 0.000000 -100.000000 100.000000 0.714074 0.000000 0.000000 0.000000 0.500000 0.500000 1.000000 0.000000 -0.000000 -1.269465 -0.000000 0.000000 49.999996 176.946487 100.000000 0.000000
1121 0.000000 -100.000000 100.000000 0.714074 0.000000 0.000000 0.000000 0.500000 0.500000 1.000000 0.000000 -0.000000 -1.269465 -0.000000 0.000000 49.999996 176.946487 100.000000 0.000000
1137 0.000000 -100.000000 100.000000 0.714074 0.000000 0.000000 0.000000 0.500000 0.500000 1.000000 0.000000 -0.000000 -1.269465 -0.000000 0.000000 49.999996 176.946487 100.000000 0.000000
1153 0.000000 -100.000000 100.000000 0.714074 0.000000 0.000000 0.000000 0.500000 0.500000 1.000000 0.000000 -0.000000 -1.269465 -0.000000 0.000000 49.999996 176.946487 100.000000 0.000000
1169 0.000000 -100.000000 100.000000 0.714074 0.000000 0.000000 0.000000 0.500000 0.500000 1.000000 0.000000 -0.000000 -1.269465 -0.000000 0.000000 49.999996 176.946487 100.000000 0.000000
1185 0.000000 -100.000000 100.000000 0.714074 0.000000 0.000000 0.000000 0.500000 0.500000 1.000000 0.000000 -0.000000 -1.269465 -0.000000 0.000000 49.999996 176.946487 100.000000 0.000000
1201 0.000000 -100.000000 100.000000 0.714074 0.000000 0.000000 0.000000 0.500000 0.500000 1.000000 0.000000 -0.000000 -1.269465 -0.000000 0.000000 49.999996 176.946487 100.000000 0.000000
1217 0.000000 -100.000000 100.000000 0.714074 0.000000 0.000000 0.000000 0.500000 0.500000 1.000000 0.000000 -0.000000 -1.269465 -0.000000 0.000000 49.999996 176.946487 100.000000 0.000000
1233 0.000000 -100.000000 100.000000 0.714074 0.000000 0.000000 0.000000 0.500000 0.500000 1.000000 0.000000 -0.000000 -1.269465 -0.000000 0.000000 49.999996 176.946487 100.000000 0.000000
1249 0.000000 -100.000000 100.000000 0.714074 0.000000 0.000000 0.000000 0.500000 0.500000 1.000000 0.000000 -0.000000 -1.269465 -0.000000 0.000000 49.999996 176.946487 100.000000 0.000000
1265 0.000000 -100.000000 100.000000 0.714074 0.000000 0.000000 0.000000 0.500000 0.500000 1.000000 0.000000 -0.000000 -1.269465 -0.000000 0.000000 49.999996 176.946487 100.000000 0.000000
1281 0.000000 -100.000000 100.000000 0.714074 0.000000 0.000000 0.000000 0.500000 0.500000 1.000000 0.000000 -0.000000 -1.269465 -0.000000 0.000000 49.999996 176.946487 100.000000 0.000000
1297 0.000000 -100.000000 100.000000 0.714074 0.000000 0.000000 0.000000 0.500000 0.500000 1.000000 0.000000 -0.000000 -1.269465 -0.000000 0.000000 49.999996 176.946487 100.000000 0.000000
1313 0.000000 -100.000000 100.000000 0.714074 0.000000 0.000000 0.000000 0.500000 0.500000 1.000000 0.000000 -0.000000 -1.269465 -0.000000 0.000000 49.999996 176.946487 100.000000 0.000000
1329 0.000000 -100.000000 100.000000 0.714074 0.000000 0.000000 0.000000 0.500000 0.500000 1.000000 0.000000 -0.000000 -1.269465 -0.000000 0.000000 49.999996 176.946487 100.000000 0.000000
1345 0.000000 -100.000000 100.000000 0.714074 0.000000 0.000000 0.000000 0.500000 0.500000 1.000000 0.000000 -0.000000 -1.269465 -0.000000 0.000000 49.999996 176.946487 100.000000 0.000000
1361 0.000000 -100.000000 100.000000 0.714074 0.000000 0.000000 0.000000 0.500000 0.500000 1.000000 0.000000 -0.000000 -1.269465 -0.000000 0.000000 49.999996 176.946487 100.000000 0.000000
1377 0.000000 -100.000000 100.000000 0.714074 0.000000 0.000000 0.000000 0.500000 0.500000 1.000000 0.000000 -0.000000 -1.269465 -0.000000 0.000000 49.999996 176.946487 100.000000 0.000000
1393 0.000000 -100.000000 100.000000 0.714074 0.000000 0.000000 0.000000 0.500000 0.500000 1.000000 0.000000 -0.000000 -1.269465 -0.000000 0.000000 49.999996 176.946487 100.000000 0.000000
1410 0.000000 -100.000000 100.000000 0.714074 0.000000 0.000000 0.000000 0.500000 0.500000 1.000000 0.000000 -0.000000 -1.269465 -0.000000 0.000000 49.999996 176.946487 100.000000 0.000000
1426 0.000000 -100.000000 100.000000 0.714074 0.000000 0.000000 0.000000 0.500000 0.500000 1.000000 0.000000 -0.000000 -1.269465 -0.000000 0.000000 49.999996 176.946487 100.000000 0.000000
1442 0.000000 -100.000000 100.000000 0.714074 0.000000 0.000000 0.000000 0.500000 0.500000 1.000000 0.000000 -0.000000 -1.269465 -0.000000 0.000000 49.999996 176.946487 100.000000 0.000000
1458 0.000000 -100.000000 100.000000 0.714074 0.000000 0.000000 0.000000 0.500000 0.500000 1.000000 0.000000 -0.000000 -1.269465 -0.000000 0.000000 49.999996 176.946487 100.000000 0.000000
1475 0.000000 -100.000000 100.000000 0.714074 0.000000 0.000000 0.000000 0.500000 0.500000 1.000000 0.000000 -0.000000 -1.269465 -0.000000 0.000000 49.999996 176.946487 100.000000 0.000000
1491 0.000000 -100.000000 100.000000 0.714074 0.000000 0.000000 0.000000 0.500000 0.500000 1.000000 0.000000 -0.000000 -1.269465 -0.000000 0.000000 49.999996 176.946487 100.000000 0.000000
1507 0.000000 -100.000000 100.000000 0.714074 0.000000 0.000000 0.000000 0.500000 0.500000 1.000000 0.000000 -0.000000 -1.269465 -0.000000 0.000000 49.999996 176.946487 100.000000 0.000000
1523 0.000000 -100.000000 100.000000 0.714074 0.000000 0.000000 0.000000 0.500000 0.500000 1.000000 0.000000 -0.000000 -1.269465 -0.000000 0.000000 49.999996 176.946487 100.000000 0.000000
1539 0.000000 -100.000000 100.000000 0.714074 0.000000 0.000000 0.000000 0.500000 0.500000 1.000000 0.000000 -0.000000 -1.269465 -0.000000 0.000000 49.999996 176.946487 100.000000 0.000000
1555 0.000000 -100.000000 100.000000 0.714074 0.000000 0.000000 0.000000 0.500000 0.500000 1.000000 0.000000 -0.000000 -1.269465 -0.000000 0.000000 49.999996 176.946487 100.000000 0.000000
1571 0.000000 -100.000000 100.000000 0.714074 0.000000 0.000000 0.000000 0.500000 0.500000 1.000000 0.000000 -0.000000 -1.269465 -0.000000 0.000000 49.999996 176.946487 100.000000 0.000000
1587 0.000000 -100.000000 100.000000 0.714074 0.000000 0.000000 0.000000 0.500000 0.500000 1.000000 0.000000 -0.000000 -1.269465 -0.000000 0.000000 49.999996 176.946487 100.000000 0.000000
1603 0.000000 -100.000000 100.000000 0.714074 0.000000 0.000000 0.000000 0.500000 0.500000 1.000000 0.000000 -0.000000 -1.269465 -0.000000 0.000000 49.999996 176.946487 100.000000 0.000000
1619 0.000000 -100.000000 100.000000 0.714074 0.000000 0.000000 0.000000 0.500000 0.500000 1.000000 0.000000 -0.000000 -1.269465 -0.000000 0.000000 49.999996 176.946487 100.000000 0.000000
1635 0.000000 -100.000000 100.000000 0.714074 0.000000 0.000000 0.000000 0.500000 0.500000 1.000000 0.000000 -0.000000 -1.269465 -0.000000 0.000000 49.999996 176.946487 100.000000 0.000000
1651 0.000000 -100.000000 100.000000 0.714074 0.000000 0.000000 0.000000 0.500000 0.500000 1.000000 0.000000 -0.000000 -1.269465 -0.000000 0.000000 49.999996 176.946487 100.000000 0.000000
1667 0.000000 -100.000000 100.000000 0.714074 0.000000 0.000000 0.000000 0.500000 0.500000 1.000000 0.000000 -0.000000 -1.269465 -0.000000 0.000000 49.999996 176.946487 100.000000 0.000000
1683 0.000000 -100.000000 100.000000 0.714074 0.000000 0.000000 0.000000 0.500000 0.500000 1.000000 0.000000 -0.000000 -1.269465 -0.000000 0.000000 49.999996 176.946487 100.000000 0.000000
1699 0.000000 -100.000000 100.000000 0.714074 0.000000 0.000000 0.000000 0.500000 0.500000 1.000000 0.000000 -0.000000 -1.269465 -0.000000 0.000000 49.999996 176.946487 100.000000 0.000000
1715 0.000000 -100.000000 100.000000 0.714074 0.000000 0.000000 0.000000 0.500000 0.500000 1.000000 0.000000 -0.000000 -1.269465 -0.000000 0.000000 49.999996 176.946487 100.000000 0.000000
1731 0.000000 -100.000000 100.000000 0.714074 0.000000 0.000000 0.000000 0.500000 0.500000 1.000000 0.000000 -0.000000 -1.269465 -0.000000 0.000000 49.999996 176.946487 100.000000 0.000000
1747 0.000000 -100.000000 100.000000 0.714074 0.000000 0.000000 0.000000 0.500000 0.500000 1.000000 0.000000 -0.000000 -1.269465 -0.000000 0.000000 49.999996 176.946487 100.000000 0.000000
1763 0.000000 -100.000000 100.000000 0.714074 0.000000 0.000000 0.000000 0.500000 0.500000 1.000000 0.000000 -0.000000 -1.269465 -0.000000 0.000000 49.999996 176.946487 100.000000 0.000000
1779 0.000000 -100.000000 100.000000 0.714074 0.000000 0.000000 0.000000 0.500000 0.500000 1.000000 0.000000 -0.000000 -1.269465 -0.000000 0.000000 49.999996 176.946487 100.000000 0.000000
1813 0.000000 -100.000000 100.000000 0.714074 0.000000 0.000000 0.000000 0.500000 0.500000 1.000000 0.000000 -0.000000 -1.269465 -0.000000 0.000000 49.999996 176.946487 100.000000 0.000000
1827 0.000000 -100.000000 100.000000 0.714074 0.000000 0.000000 0.000000 0.500000 0.500000 1.000000 0.000000 -0.000000 -1.269465 -0.000000 0.000000 49.999996 176.946487 100.000000 0.000000
1846 0.000000 -100.000000 100.000000 0.714074 0.000000 0.000000 0.000000 0.500000 0.500000 1.000000 0.000000 -0.000000 -1.269465 -0.000000 0.000000 49.999996 176.946487 100.000000 0.000000
1860 0.000000 -100.000000 100.000000 0.714074 0.000000 0.000000 0.000000 0.500000 0.500000 1.000000 0.000000 -0.000000 -1.269465 -0.000000 0.000000 49.999996 176.946487 100.000000 0.000000
1874 0.000000 -100.000000 100.000000 0.714074 0.000000 0.000000 0.000000 0.500000 0.500000 1.000000 0.000000 -0.000000 -1.269465 -0.000000 0.000000 49.999996 176.946487 100.000000 0.000000
1888 0.000000 -100.000000 100.000000 0.714074 0.000000 0.000000 0.000000 0.500000 0.500000 1.000000 0.000000 -0.000000 -1.269465 -0.000000 0.000000 49.999996 176.946487 100.000000 0.000000
1902 0.000000 -100.000000 100.000000 0.714074 0.000000 0.000000 0.000000 0.500000 0.500000 1.000000 0.000000 -0.000000 -1.269465 -0.000000 0.000000 49.999996 176.946487 100.000000 0.000000
1916 0.000000 -100.000000 100.000000 0.714074 0.000000 0.000000 0.000000 0.500000 0.500000 1.000000 0.000000 -0.000000 -1.269465 -0.000000 0.000000 49.999996 176.946487 100.000000 0.000000
1930 0.000000 -100.000000 100.000000 0.714074 0.000000 0.000000 0.000000 0.500000 0.500000 1.000000 0.000000 -0.000000 -1.269465 -0.000000 0.000000 49.999996 176.946487 100.000000 0.000000
1944 0.000000 -100.000000 100.000000 0.714074 0.000000 0.000000 0.000000 0.500000 0.500000 1.000000 0.000000 -0.000000 -1.269465 -0.000000 0.000000 49.999996 176.946487 100.000000 0.000000
1960 0.000000 -100.000000 100.000000 0.714074 0.000000 0.000000 0.000000 0.500000 0.500000 1.000000 0.000000 -0.000000 -1.269465 -0.000000 0.000000 49.999996 176.946487 100.000000 0.000000
1976 0.000000 -100.000000 100.000000 0.714074 0.000000 0.000000 0.000000 0.500000 0.500000 1.000000 0.000000 -0.000000 -1.269465 -0.000000 0.000000 49.999996 176.946487 100.000000 0.000000
1992 0.000000 -100.000000 100.000000 0.714074 0.000000 0.000000 0.000000 0.500000 0.500000 1.000000 0.000000 -0.000000 -1.269465 -0.000000 0.000000 49.999996 176.946487 100.000000 0.000000
2008 0.000000 -100.000000 100.000000 0.714074 0.000000 0.000000 0.000000 0.500000 0.500000 1.000000 0.000000 -0.000000 -1.269465 -0.000000 0.000000 49.999996 176.946487 100.000000 0.000000
2024 0.000000 -100.000000 100.000000 0.714074 0.000000 0.000000 0.000000 0.500000 0.500000 1.000000 0.000000 -0.000000 -1.269465 -0.000000 0.000000 49.999996 176.946487 100.000000 0.000000
2040 0.000000 -100.000000 100.000000 0.714074 0.000000 0.000000 0.000000 0.500000 0.500000 1.000000 0.000000 -0.000000 -1.269465 -0.000000 0.000000 49.999996 176.946487 100.000000 0.000000
2056 0.000000 -100.000000 100.000000 0.714074 0.000000 0.000000 0.000000 0.500000 0.500000 1.000000 0.000000 -0.000000 -1.269465 -0.000000 0.000000 49.999996 176.946487 100.000000 0.000000
2072 0.000000 -100.000000 100.000000 0.714074 0.000000 0.000000 0.000000 0.500000 0.500000 1.000000 0.000000 -0.000000 -1.269465 -0.000000 0.000000 49.999996 176.946487 100.000000 0.000000
2088 0.000000 -100.000000 100.000000 0.714074 0.000000 0.000000 0.000000 0.500000 0.500000 1.000000 0.000000 -0.000000 -1.269465 -0.000000 0.000000 49.999996 176.946487 100.000000 0.000000
2104 0.000000 -100.000000 100.000000 0.714074 0.000000 0.000000 0.000000 0.500000 0.500000 1.000000 0.000000 -0.000000 -1.269465 -0.000000 0.000000 49.999996 176.946487 100.000000 0.000000
2120 0.000000 -100.000000 100.000000 0.714074 0.000000 0.000000 0.000000 0.500000 0.500000 1.000000 0.000000 -0.000000 -1.269465 -0.000000 0.000000 49.999996 176.946487 100.000000 0.000000
2136 0.000000 -100.000000 100.000000 0.714074 0.000000 0.000000 0.000000 0.500000 0.500000 1.000000 0.000000 -0.000000 -1.269465 -0.000000 0.000000 49.999996 176.946487 100.000000 0.000000
2152 0.000000 -100.000000 100.000000 0.714074 0.000000 0.000000 0.000000 0.500000 0.500000 1.000000 0.000000 -0.000000 -1.269465 -0.000000 0.000000 49.999996 176.946487 100.000000 0.000000
2168 0.000000 -100.000000 100.000000 0.714074 0.000000 0.000000 0.000000 0.500000 0.500000 1.000000 0.000000 -0.000000 -1.269465 -0.000000 0.000000 49.999996 176.946487 100.000000 0.000000
2184 0.000000 -100.000000 100.000000 0.714074 0.000000 0.000000 0.000000 0.500000 0.500000 1.000000 0.000000 -0.000000 -1.269465 -0.000000 0.000000 49.999996 176.946487 100.000000 0.000000
2200 0.000000 -100.000000 100.000000 0.714074 0.000000 0.000000 0.000000 0.500000 0.500000 1.000000 0.000000 -0.000000 -1.269465 -0.000000 0.000000 49.999996 176.946487 100.000000 0.000000
2216 0.000000 -100.000000 100.000000 0.714074 0.000000 0.000000 0.000000 0.500000 0.500000 1.000000 0.000000 -0.000000 -1.269465 -0.000000 0.000000 49.999996 176.946487 100.000000 0.000000
2232 0.000000 -100.000000 100.000000 0.714074 0.000000 0.000000 0.000000 0.500000 0.500000 1.000000 0.000000 -0.000000 -1.269465 -0.000000 0.000000 49.999996 176.946487 100.000000 0.000000
2248 0.000000 -100.000000 100.000000 0.714074 0.000000 0.000000 0.000000 0.500000 0.500000 1.000000 0.000000 -0.000000 -1.269465 -0.000000 0.000000 49.999996 176.946487 100.000000 0.000000
2264 0.000000 -100.000000 100.000000 0.714074 0.000000 0.000000 0.000000 0.500000 0.500000 1.000000 0.000000 -0.000000 -1.269465 -0.000000 0.000000 49.999996 176.946487 100.000000 0.000000
2280 0.000000 -100.000000 100.000000 0.714074 0.000000 0.000000 0.000000 0.500000 0.500000 1.000000 0.000000 -0.000000 -1.269465 -0.000000 0.000000 49.999996 176.946487 100.000000 0.000000
2296 0.000000 -100.000000 100.000000 0.714074 0.000000 0.000000 0.000000 0.500000 0.500000 1.000000 0.000000 -0.000000 -1.269465 -0.000000 0.000000 49.999996 176.946487 100.000000 0.000000
2312 0.000000 -100.000000 100.000000 0.714074 0.000000 0.000000 0.000000 0.500000 0.500000 1.000000 0.000000 -0.000000 -1.269465 -0.000000 0.000000 49.999996 176.946487 100.000000 0.000000
2328 0.000000 -100.000000 100.000000 0.714074 0.000000 0.000000 0.000000 0.500000 0.500000 1.000000 0.000000 -0.000000 -1.269465 -0.000000 0.000000 49.999996 176.946487 100.000000 0.000000
2344 0.000000 -100.000000 100.000000 0.714074 0.000000 0.000000 0.000000 0.500000 0.500000 1.000000 0.000000 -0.000000 -1.269465 -0.000000 0.000000 49.999996 176.946487 100.000000 0.000000
2360 0.000000 -100.000000 100.000000 0.714074 0.000000 0.000000 0.000000 0.500000 0.500000 1.000000 0.000000 -0.000000 -1.269465 -0.000000 0.000000 49.999996 176.946487 100.000000 0.000000
2376 0.000000 -100.000000 100.000000 0.714074 0.000000 0.000000 0.000000 0.500000 0.500000 1.000000 0.000000 -0.000000 -1.269465 -0.000000 0.000000 49.999996 176.946487 100.000000 0.000000
2392 0.000000 -100.000000 100.000000 0.714074 0.000000 0.000000 0.000000 0.500000 0.500000 1.000000 0.000000 -0.000000 -1.269465 -0.000000 0.000000 49.999996 176.946487 100.000000 0.000000
2408 0.000000 -100.000000 100.000000 0.714074 0.000000 0.000000 0.000000 0.500000 0.500000 1.000000 0.000000 -0.000000 -1.269465 -0.000000 0.000000 49.999996 176.946487 100.000000 0.000000
2424 0.000000 -100.000000 100.000000 0.714074 0.000000 0.000000 0.000000 0.500000 0.500000 1.000000 0.000000 -0.000000 -1.269465 -0.000000 0.000000 49.999996 176.946487 100.000000 0.000000
2440 0.000000 -100.000000 100.000000 0.714074 0.000000 0.000000 0.000000 0.500000 0.500000 1.000000 0.000000 -0.000000 -1.269465 -0.000000 0.000000 49.999996 176.946487 100.000000 0.000000
2456 0.000000 -100.000000 100.000000 0.714074 0.000000 0.000000 0.000000 0.500000 0.500000 1.000000 0.000000 -0.000000 -1.269465 -0.000000 0.000000 49.999996 176.946487 100.000000 0.000000
2472 0.000000 -100.000000 100.000000 0.714074 0.000000 0.000000 0.000000 0.500000 0.500000 1.000000 0.000000 -0.000000 -1.269465 -0.000000 0.000000 49.999996 176.946487 100.000000 0.000000
2488 0.000000 -100.000000 100.000000 0.714074 0.000000 0.000000 0.000000 0.500000 0.500000 1.000000 0.000000 -0.000000 -1.269465 -0.000000 0.000000 49.999996 176.946487 100.000000 0.000000
2504 0.000000 -100.000000 100.000000 0.714074 0.000000 0.000000 0.000000 0.500000 0.500000 1.000000 0.000000 -0.000000 -1.269465 -0.000000 0.000000 49.999996 176.946487 100.000000 0.000000
2520 0.000000 -100.000000 100.000000 0.714074 0.000000 0.000000 0.000000 0.500000 0.500000 1.000000 0.000000 -0.000000 -1.269465 -0.000000 0.000000 49.999996 176.946487 100.000000 0.000000
2536 0.000000 -100.000000 100.000000 0.714074 0.000000 0.000000 0.000000 0.500000 0.500000 1.000000 0.000000 -0.000000 -1.269465 -0.000000 0.000000 49.999996 176.946487 100.000000 0.000000
2552 0.000000 -100.000000 100.000000 0.714074 0.000000 0.000000 0.000000 0.500000 0.500000 1.000000 0.000000 -0.000000 -1.269465 -0.000000 0.000000 49.999996 176.946487 100.000000 0.000000
2568 0.000000 -100.000000 100.000000 0.714074 0.000000 0.000000 0.000000 0.500000 0.500000 1.000000 0.000000 -0.000000 -1.269465 -0.000000 0.000000 49.999996 176.946487 100.000000 0.000000
2584 0.000000 -100.000000 100.000000 0.714074 0.000000 0.000000 0.000000 0.500000 0.500000 1.000000 0.000000 -0.000000 -1.269465 -0.000000 0.000000 49.999996 176.946487 100.000000 0.000000
2600 0.000000 -100.000000 100.000000 0.714074 0.000000 0.000000 0.000000 0.500000 0.500000 1.000000 0.000000 -0.000000 -1.269465 -0.000000 0.000000 49.999996 176.946487 100.000000 0.000000
2616 0.000000 -100.000000 100.000000 0.714074 0.000000 0.000000 0.000000 0.500000 0.500000 1.000000 0.000000 -0.000000 -1.269465 -0.000000 0.000000 49.999996 176.946487 100.000000 0.000000
2633 0.000000 -100.000000 100.000000 0.714074 0.000000 0.000000 0.000000 0.500000 0.500000 1.000000 0.000000 -0.000000 -1.269465 -0.000000 0.000000 49.999996 176.946487 100.000000 0.000000
2649 0.000000 -100.000000 100.000000 0.714074 0.000000 0.000000 0.000000 0.500000 0.500000 1.000000 0.000000 -0.000000 -1.269465 -0.000000 0.000000 49.999996 176.946487 100.000000 0.000000
2665 0.000000 -100.000000 100.000000 0.714074 0.000000 0.000000 0.000000 0.500000 0.500000 1.000000 0.000000 -0.000000 -1.269465 -0.000000 0.000000 49.999996 176.946487 100.000000 0.000000
2681 0.000000 -100.000000 100.000000 0.714074 0.000000 0.000000 0.000000 0.500000 0.500000 1.000000 0.000000 -0.000000 -1.269465 -0.000000 0.000000 49.999996 176.946487 100.000000 0.000000
2697 0.000000 -100.000000 100.000000 0.714074 0.000000 0.000000 0.000000 0.500000 0.500000 1.000000 0.000000 -0.000000 -1.269465 -0.000000 0.000000 49.999996 176.946487 100.000000 0.000000
2713 0.000000 -100.000000 100.000000 0.714074 0.000000 0.000000 0.000000 0.500000 0.500000 1.000000 0.000000 -0.000000 -1.269465 -0.000000 0.000000 49.999996 176.946487 100.000000 0.000000
2729 0.000000 -100.000000 100.000000 0.714074 0.000000 0.000000 0.000000 0.500000 0.500000 1.000000 0.000000 -0.000000 -1.269465 -0.000000 0.000000 49.999996 176.946487 100.000000 0.000000
2745 0.000000 -100.000000 100.000000 0.714074 0.000000 0.000000 0.000000 0.500000 0.500000 1.000000 0.000000 -0.000000 -1.269465 -0.000000 0.000000 49.999996 176.946487 100.000000 0.000000
2761 0.000000 -100.000000 100.000000 0.714074 0.000000 0.000000 0.000000 0.500000 0.500000 1.000000 0.000000 -0.000000 -1.269465 -0.000000 0.000000 49.999996 176.946487 100.000000 0.000000
2795 0.000000 -100.000000 100.000000 0.714074 0.000000 0.000000 0.000000 0.500000 0.500000 1.000000 0.000000 -0.000000 -1.269465 -0.000000 0.000000 49.999996 176.946487 100.000000 0.000000
2809 0.000000 -100.000000 100.000000 0.714074 0.000000 0.000000 0.000000 0.500000 0.500000 1.000000 0.000000 -0.000000 -1.269465 -0.000000 0.000000 49.999996 176.946487 100.000000 0.000000
2828 0.000000 -100.000000 100.000000 0.714074 0.000000 0.000000 0.000000 0.500000 0.500000 1.000000 0.000000 -0.000000 -1.269465 -0.000000 0.000000 49.999996 176.946487 100.000000 0.000000
2842 0.000000 -100.000000 100.000000 0.714074 0.000000 0.000000 0.000000 0.500000 0.500000 1.000000 0.000000 -0.000000 -1.269465 -0.000000 0.000000 49.999996 176.946487 100.000000 0.000000
2856 0.000000 -100.000000 100.000000 0.714074 0.000000 0.000000 0.000000 0.500000 0.500000 1.000000 0.000000 -0.000000 -1.269465 -0.000000 0.000000 49.999996 176.946487 100.000000 0.000000
2870 0.000000 -100.000000 100.000000 0.714074 0.000000 0.000000 0.000000 0.500000 0.500000 1.000000 0.000000 -0.000000 -1.269465 -0.000000 0.000000 49.999996 176.946487 100.000000 0.000000
2884 0.000000 -100.000000 100.000000 0.714074 0.000000 0.000000 0.000000 0.500000 0.500000 1.000000 0.000000 -0.000000 -1.269465 -0.000000 0.000000 49.999996 176.946487 100.000000 0.000000
2898 0.000000 -100.000000 100.000000 0.714074 0.000000 0.000000 0.000000 0.500000 0.500000 1.000000 0.000000 -0.000000 -1.269465 -0.000000 0.000000 49.999996 176.946487 100.000000 0.000000
2912 0.000000 -100.000000 100.000000 0.714074 0.000000 0.000000 0.000000 0.500000 0.500000 1.000000 0.000000 -0.000000 -1.269465 -0.000000 0.000000 49.999996 176.946487 100.000000 0.000000
2926 0.000000 -100.000000 100.000000 0.714074 0.000000 0.000000 0.000000 0.500000 0.500000 1.000000 0.000000 -0.000000 -1.269465 -0.000000 0.000000 49.999996 176.946487 100.000000 0.000000
2942 0.000000 -100.000000 100.000000 0.714074 0.000000 0.000000 0.000000 0.500000 0.500000 1.000000 0.000000 -0.000000 -1.269465 -0.000000 0.000000 49.999996 176.946487 100.000000 0.000000
2958 0.000000 -100.000000 100.000000 0.714074 0.000000 0.000000 0.000000 0.500000 0.500000 1.000000 0.000000 -0.000000 -1.269465 -0.000000 0.000000 49.999996 176.946487 100.000000 0.000000
2974 0.000000 -100.000000 100.000000 0.714074 0.000000 0.000000 0.000000 0.500000 0.500000 1.000000 0.000000 -0.000000 -1.269465 -0.000000 0.000000 49.999996 176.946487 100.000000 0.000000
2990 0.000000 -100.000000 100.000000 0.714074 0.000000 0.000000 0.000000 0.500000 0.500000 1.000000 0.000000 -0.000000 -1.269465 -0.000000 0.000000 49.999996 176.946487 100.000000 0.000000
3006 0.000000 -100.000000 100.000000 0.714074 0.000000 0.000000 0.000000 0.500000 0.500000 1.000000 0.000000 -0.000000 -1.269465 -0.000000 0.000000 49.999996 176.946487 100.000000 0.000000
3022 0.000000 -100.000000 100.000000 0.714074 0.000000 0.000000 0.000000 0.500000 0.500000 1.000000 0.000000 -0.000000 -1.269465 -0.000000 0.000000 49.999996 176.946487 100.000000 0.000000
3038 0.000000 -100.000000 100.000000 0.714074 0.000000 0.000000 0.000000 0.500000 0.500000 1.000000 0.000000 -0.000000 -1.269465 -0.000000 0.000000 49.999996 176.946487 100.000000 0.000000
3054 0.000000 -100.000000 100.000000 0.714074 0.000000 0.000000 0.000000 0.500000 0.500000 1.000000 0.000000 -0.000000 -1.269465 -0.000000 0.000000 49.999996 176.946487 100.000000 0.000000
3070 0.000000 -100.000000 100.000000 0.714074 0.000000 0.000000 0.000000 0.500000 0.500000 1.000000 0.000000 -0.000000 -1.269465 -0.000000 0.000000 49.999996 176.946487 100.000000 0.000000
3086 0.000000 -100.000000 100.000000 0.714074 0.000000 0.000000 0.000000 0.500000 0.500000 1.000000 0.000000 -0.000000 -1.269465 -0.000000 0.000000 49.999996 176.946487 100.000000 0.000000
3102 0.000000 -100.000000 100.000000 0.714074 0.000000 0.000000 0.000000 0.500000 0.500000 1.000000 0.000000 -0.000000 -1.269465 -0.000000 0.000000 49.999996 176.946487 100.000000 0.000000
3118 0.000000 -100.000000 100.000000 0.714074 0.000000 0.000000 0.000000 0.500000 0.500000 1.000000 0.000000 -0.000000 -1.269465 -0.000000 0.000000 49.999996 176.946487 100.000000 0.000000
3134 0.000000 -100.000000 100.000000 0.714074 0.000000 0.000000 0.000000 0.500000 0.500000 1.000000 0.000000 -0.000000 -1.269465 -0.000000 0.000000 49.999996 176.946487 100.000000 0.000000
3150 0.000000 -100.000000 100.000000 0.714074 0.000000 0.000000 0.000000 0.500000 0.500000 1.000000 0.000000 -0.000000 -1.269465 -0.000000 0.000000 49.999996 176.946487 100.000000 0.000000
3167 0.000000 -100.000000 100.000000 0.714074 0.000000 0.000000 0.000000 0.500000 0.500000 1.000000 0.000000 -0.000000 -1.269465 -0.000000 0.000000 49.999996 176.946487 100.000000 0.000000
3183 0.000000 -100.000000 100.000000 0.714074 0.000000 0.000000 0.000000 0.500000 0.500000 1.000000 0.000000 -0.000000 -1.269465 -0.000000 0.000000 49.999996 176.946487 100.000000 0.000000
3199 0.000000 -100.000000 100.000000 0.714074 0.000000 0.000000 0.000000 0.500000 0.500000 1.000000 0.000000 -0.000000 -1.269465 -0.000000 0.000000 49.999996 176.946487 100.000000 0.000000
3215 0.000000 -100.000000 100.000000 0.714074 0.000000 0.000000 0.000000 0.500000 0.500000 1.000000 0.000000 -0.000000 -1.269465 -0.000000 0.000000 49.999996 176.946487 100.000000 0.000000
3231 0.000000 -100.000000 100.000000 0.714074 0.000000 0.000000 0.000000 0.500000 0.500000 1.000000 0.000000 -0.000000 -1.269465 -0.000000 0.000000 49.999996 176.946487 100.000000 0.000000
3247 0.000000 -100.000000 100.000000 0.714074 0.000000 0.000000 0.000000 0.500000 0.500000 1.000000 0.000000 -0.000000 -1.269465 -0.000000 0.000000 49.999996 176.946487 100.000000 0.000000
3263 0.000000 -100.000000 100.000000 0.714074 0.000000 0.000000 0.000000 0.500000 0.500000 1.000000 0.000000 -0.000000 -1.269465 -0.000000 0.000000 49.999996 176.946487 100.000000 0.000000
3279 0.000000 -100.000000 100.000000 0.714074 0.000000 0.000000 0.000000 0.500000 0.500000 1.000000 0.000000 -0.000000 -1.269465 -0.000000 0.000000 49.999996 176.946487 100.000000 0.000000
3295 0.000000 -100.000000 100.000000 0.714074 0.000000 0.000000 0.000000 0.500000 0.500000 1.000000 0.000000 -0.000000 -1.269465 -0.000000 0.000000 49.999996 176.946487 100.000000 0.000000
3311 0.000000 -100.000000 100.000000 0.714074 0.000000 0.000000 0.000000 0.500000 0.500000 1.000000 0.000000 -0.000000 -1.269465 -0.000000 0.000000 49.999996 176.946487 100.000000 0.000000
3327 0.000000 -100.000000 100.000000 0.714074 0.000000 0.000000 0.000000 0.500000 0.500000 1.000000 0.000000 -0.000000 -1.269465 -0.000000 0.000000 49.999996 176.946487 100.000000 0.000000
3344 0.000000 -100.000000 100.000000 0.714074 0.000000 0.000000 0.000000 0.500000 0.500000 1.000000 0.000000 -0.000000 -1.269465 -0.000000 0.000000 49.999996 176.946487 100.000000 0.000000
3360 0.000000 -100.000000 100.000000 0.714074 0.000000 0.000000 0.000000 0.500000 0.500000 1.000000 0.000000 -0.000000 -1.269465 -0.000000 0.000000 49.999996 176.946487 100.000000 0.000000
3376 0.000000 -100.000000 100.000000 0.714074 0.000000 0.000000 0.000000 0.500000 0.500000 1.000000 0.000000 -0.000000 -1.269465 -0.000000 0.000000 49.999996 176.946487 100.000000 0.000000
3392 0.000000 -100.000000 100.000000 0.714074 0.000000 0.000000 0.000000 0.500000 0.500000 1.000000 0.000000 -0.000000 -1.269465 -0.000000 0.000000 49.999996 176.946487 100.000000 0.000000
3408 0.000000 -100.000000 100.000000 0.714074 0.000000 0.000000 0.000000 0.500000 0.500000 1.000000 0.000000 -0.000000 -1.269465 -0.000000 0.000000 49.999996 176.946487 100.000000 0.000000
3424 0.000000 -100.000000 100.000000 0.714074 0.000000 0.000000 0.000000 0.500000 0.500000 1.000000 0.000000 -0.000000 -1.269465 -0.000000 0.000000 49.999996 176.946487 100.000000 0.000000
3440 0.000000 -100.000000 100.000000 0.714074 0.000000 0.000000 0.000000 0.500000 0.500000 1.000000 0.000000 -0.000000 -1.269465 -0.000000 0.000000 49.999996 176.946487 100.000000 0.000000
3456 0.000000 -100.000000 100.000000 0.714074 0.000000 0.000000 0.000000 0.500000 0.500000 1.000000 0.000000 -0.000000 -1.269465 -0.000000 0.000000 49.999996 176.946487 100.000000 0.000000
3472 0.000000 -100.000000 100.000000 0.714074 0.000000 0.000000 0.000000 0.500000 0.500000 1.000000 0.000000 -0.000000 -1.269465 -0.000000 0.000000 49.999996 176.946487 100.000000 0.000000
3488 0.000000 -100.000000 100.000000 0.714074 0.000000 0.000000 0.000000 0.500000 0.500000 1.000000 0.000000 -0.000000 -1.269465 -0.000000 0.000000 49.999996 176.946487 100.000000 0.000000
3504 0.000000 -100.000000 100.000000 0.714074 0.000000 0.000000 0.000000 0.500000 0.500000 1.000000 0.000000 -0.000000 -1.269465 -0.000000 0.000000 49.999996 176.946487 100.000000 0.000000
3520 0.000000 -100.000000 100.000000 0.714074 0.000000 0.000000 0.000000 0.500000 0.500000 1.000000 0.000000 -0.000000 -1.269465 -0.000000 0.000000 49.999996 176.946487 100.000000 0.000000
3536 0.000000 -100.000000 100.000000 0.714074 0.000000 0.000000 0.000000 0.500000 0.500000 1.000000 0.000000 -0.000000 -1.269465 -0.000000 0.000000 49.999996 176.946487 100.000000 0.000000
3552 0.000000 -100.000000 100.000000 0.714074 0.000000 0.000000 0.000000 0.500000 0.500000 1.000000 0.000000 -0.000000 -1.269465 -0.000000 0.000000 49.999996 176.946487 100.000000 0.000000
3568 0.000000 -100.000000 100.000000 0.714074 0.000000 0.000000 0.000000 0.500000 0.500000 1.000000 0.000000 -0.000000 -1.269465 -0.000000 0.000000 49.999996 176.946487 100.000000 0.000000
3584 0.000000 -100.000000 100.000000 0.714074 0.000000 0.000000 0.000000 0.500000 0.500000 1.000000 0.000000 -0.000000 -1.269465 -0.000000 0.000000 49.999996 176.946487 100.000000 0.000000
3600 0.000000 -100.000000 100.000000 0.714074 0.000000 0.000000 0.000000 0.500000 0.500000 1.000000 0.000000 -0.000000 -1.269465 -0.000000 0.000000 49.999996 176.946487 100.000000 0.000000
3616 0.000000 -100.000000 100.000000 0.714074 0.000000 0.000000 0.000000 0.500000 0.500000 1.000000 0.000000 -0.000000 -1.269465 -0.000000 0.000000 49.999996 176.946487 100.000000 0.000000
3632 0.000000 -100.000000 100.000000 0.714074 0.000000 0.000000 0.000000 0.500000 0.500000 1.000000 0.000000 -0.000000 -1.269465 -0.000000 0.000000 49.999996 176.946487 100.000000 0.000000
3648 0.000000 -100.000000 100.000000 0.714074 0.000000 0.000000 0.000000 0.500000 0.500000 1.000000 0.000000 -0.000000 -1.269465 -0.000000 0.000000 49.999996 176.946487 100.000000 0.000000
3664 0.000000 -100.000000 100.000000 0.714074 0.000000 0.000000 0.000000 0.500000 0.500000 1.000000 0.000000 -0.000000 -1.269465 -0.000000 0.000000 49.999996 176.946487 100.000000 0.000000
3680 0.000000 -100.000000 100.000000 0.714074 0.000000 0.000000 0.000000 0.500000 0.500000 1.000000 0.000000 -0.000000 -1.269465 -0.000000 0.000000 49.999996 176.946487 100.000000 0.000000
3696 0.000000 -100.000000 100.000000 0.714074 0.000000 0.000000 0.000000 0.500000 0.500000 1.000000 0.000000 -0.000000 -1.269465 -0.000000 0.000000 49.999996 176.946487 100.000000 0.000000
3712 0.000000 -100.000000 100.000000 0.714074 0.000000 0.000000 0.000000 0.500000 0.500000 1.000000 0.000000 -0.000000 -1.269465 -0.000000 0.000000 49.999996 176.946487 100.000000 0.000000
3729 0.000000 -100.000000 100.000000 0.714074 0.000000 0.000000 0.000000 0.500000 0.500000 1.000000 0.000000 -0.000000 -1.269465 -0.000000 0.000000 49.999996 176.946487 100.000000 0.000000
3745 0.000000 -100.000000 100.000000 0.714074 0.000000 0.000000 0.000000 0.500000 0.500000 1.000000 0.000000 -0.000000 -1.269465 -0.000000 0.000000 49.999996 176.946487 100.000000 0.000000
3780 0.000000 -100.000000 100.000000 0.714074 0.000000 0.000000 0.000000 0.500000 0.500000 1.000000 0.000000 -0.000000 -1.269465 -0.000000 0.000000 49.999996 176.946487 100.000000 0.000000
3794 0.000000 -100.000000 100.000000 0.714074 0.000000 0.000000 0.000000 0.500000 0.500000 1.000000 0.000000 -0.000000 -1.269465 -0.000000 0.000000 49.999996 176.946487 100.000000 0.000000
3808 0.000000 -100.000000 100.000000 0.714074 0.000000 0.000000 0.000000 0.500000 0.500000 1.000000 0.000000 -0.000000 -1.269465 -0.000000 0.000000 49.999996 176.946487 100.000000 0.000000
3822 0.000000 -100.000000 100.000000 0.714074 0.000000 0.000000 0.000000 0.500000 0.500000 1.000000 0.000000 -0.000000 -1.269465 -0.000000 0.000000 49.999996 176.946487 100.000000 0.000000
3836 0.000000 -100.000000 100.000000 0.714074 0.000000 0.000000 0.000000 0.500000 0.500000 1.000000 0.000000 -0.000000 -1.269465 -0.000000 0.000000 49.999996 176.946487 100.000000 0.000000
3850 0.000000 -100.000000 100.000000 0.714074 0.000000 0.000000 0.000000 0.500000 0.500000 1.000000 0.000000 -0.000000 -1.269465 -0.000000 0.000000 49.999996 176.946487 100.000000 0.000000
3864 0.000000 -100.000000 100.000000 0.714074 0.000000 0.000000 0.000000 0.500000 0.500000 1.000000 0.000000 -0.000000 -1.269465 -0.000000 0.000000 49.999996 176.946487 100.000000 0.000000
3878 0.000000 -100.000000 100.000000 0.714074 0.000000 0.000000 0.000000 0.500000 0.500000 1.000000 0.000000 -0.000000 -1.269465 -0.000000 0.000000 49.999996 176.946487 100.000000 0.000000
3893 0.000000 -100.000000 100.000000 0.714074 0.000000 0.000000 0.000000 0.500000 0.500000 1.000000 0.000000 -0.000000 -1.269465 -0.000000 0.000000 49.999996 176.946487 100.000000 0.000000
3909 0.000000 -100.000000 100.000000 0.714074 0.000000 0.000000 0.000000 0.500000 0.500000 1.000000 0.000000 -0.000000 -1.269465 -0.000000 0.000000 49.999996 176.946487 100.000000 0.000000
3925 0.000000 -100.000000 100.000000 0.714074 0.000000 0.000000 0.000000 0.500000 0.500000 1.000000 0.000000 -0.000000 -1.269465 -0.000000 0.000000 49.999996 176.946487 100.000000 0.000000
3941 0.000000 -100.000000 100.000000 0.714074 0.000000 0.000000 0.000000 0.500000 0.500000 1.000000 0.000000 -0.000000 -1.269465 -0.000000 0.000000 49.999996 176.946487 100.000000 0.000000
3957 0.000000 -100.000000 100.000000 0.714074 0.000000 0.000000 0.000000 0.500000 0.500000 1.000000 0.000000 -0.000000 -1.269465 -0.000000 0.000000 49.999996 176.946487 100.000000 0.000000
3973 0.000000 -100.000000 100.000000 0.714074 0.000000 0.000000 0.000000 0.500000 0.500000 1.000000 0.000000 -0.000000 -1.269465 -0.000000 0.000000 49.999996 176.946487 100.000000 0.000000
3989 0.000000 -100.000000 100.000000 0.714074 0.000000 0.000000 0.000000 0.500000 0.500000 1.000000 0.000000 -0.000000 -1.269465 -0.000000 0.000000 49.999996 176.946487 100.000000 0.000000
4005 0.000000 -100.000000 100.000000 0.714074 0.000000 0.000000 0.000000 0.500000 0.500000 1.000000 0.000000 -0.000000 -1.269465 -0.000000 0.000000 49.999996 176.946487 100.000000 0.000000
4021 0.000000 -100.000000 100.000000 0.714074 0.000000 0.000000 0.000000 0.500000 0.500000 1.000000 0.000000 -0.000000 -1.269465 -0.000000 0.000000 49.999996 176.946487 100.000000 0.000000
4037 0.000000 -100.000000 100.000000 0.714074 0.000000 0.000000 0.000000 0.500000 0.500000 1.000000 0.000000 -0.000000 -1.269465 -0.000000 0.000000 49.999996 176.946487 100.000000 0.000000
4053 0.000000 -100.000000 100.000000 0.714074 0.000000 0.000000 0.000000 0.500000 0.500000 1.000000 0.000000 -0.000000 -1.269465 -0.000000 0.000000 49.999996 176.946487 100.000000 0.000000
4069 0.000000 -100.000000 100.000000 0.714074 0.000000 0.000000 0.000000 0.500000 0.500000 1.000000 0.000000 -0.000000 -1.269465 -0.000000 0.000000 49.999996 176.946487 100.000000 0.000000
4085 0.000000 -100.000000 100.000000 0.714074 0.000000 0.000000 0.000000 0.500000 0.500000 1.000000 0.000000 -0.000000 -1.269465 -0.000000 0.000000 49.999996 176.946487 100.000000 0.000000
4101 0.000000 -100.000000 100.000000 0.714074 0.000000 0.000000 0.000000 0.500000 0.500000 1.000000 0.000000 -0.000000 -1.269465 -0.000000 0.000000 49.999996 176.946487 100.000000 0.000000
4117 0.000000 -100.000000 100.000000 0.714074 0.000000 0.000000 0.000000 0.500000 0.500000 1.000000 0.000000 -0.000000 -1.269465 -0.000000 0.000000 49.999996 176.946487 100.000000 0.000000
4133 0.000000 -100.000000 100.000000 0.714074 0.000000 0.000000 0.000000 0.500000 0.500000 1.000000 0.000000 -0.000000 -1.269465 -0.000000 0.000000 49.999996 176.946487 100.000000 0.000000
4149 0.000000 -100.000000 100.000000 0.714074 0.000000 0.000000 0.000000 0.500000 0.500000 1.000000 0.000000 -0.000000 -1.269465 -0.000000 0.000000 49.999996 176.946487 100.000000 0.000000
4165 0.000000 -100.000000 100.000000 0.714074 0.000000 0.000000 0.000000 0.500000 0.500000 1.000000 0.000000 -0.000000 -1.269465 -0.000000 0.000000 49.999996 176.946487 100.000000 0.000000
4181 0.000000 -100.000000 100.000000 0.714074 0.000000 0.000000 0.000000 0.500000 0.500000 1.000000 0.000000 -0.000000 -1.269465 -0.000000 0.000000 49.999996 176.946487 100.000000 0.000000
4197 0.000000 -100.000000 100.000000 0.714074 0.000000 0.000000 0.000000 0.500000 0.500000 1.000000 0.000000 -0.000000 -1.269465 -0.000000 0.000000 49.999996 176.946487 100.000000 0.000000
4213 0.000000 -100.000000 100.000000 0.714074 0.000000 0.000000 0.000000 0.500000 0.500000 1.000000 0.000000 -0.000000 -1.269465 -0.000000 0.000000 49.999996 176.946487 100.000000 0.000000
4229 0.000000 -100.000000 100.000000 0.714074 0.000000 0.000000 0.000000 0.500000 0.500000 1.000000 0.000000 -0.000000 -1.269465 -0.000000 0.000000 49.999996 176.946487 100.000000 0.000000
4245 0.000000 -100.000000 100.000000 0.714074 0.000000 0.000000 0.000000 0.500000 0.500000 1.000000 0.000000 -0.000000 -1.269465 -0.000000 0.000000 49.999996 176.946487 100.000000 0.000000
4261 0.000000 -100.000000 100.000000 0.714074 0.000000 0.000000 0.000000 0.500000 0.500000 1.000000 0.000000 -0.000000 -1.269465 -0.000000 0.000000 49.999996 176.946487 100.000000 0.000000
4277 0.000000 -100.000000 100.000000 0.714074 0.000000 0.000000 0.000000 0.500000 0.500000 1.000000 0.000000 -0.000000 -1.269465 -0.000000 0.000000 49.999996 176.946487 100.000000 0.000000
4293 0.000000 -100.000000 100.000000 0.714074 0.000000 0.000000 0.000000 0.500000 0.500000 1.000000 0.000000 -0.000000 -1.269465 -0.000000 0.000000 49.999996 176.946487 100.000000 0.000000
4309 0.000000 -100.000000 100.000000 0.714074 0.000000 0.000000 0.000000 0.500000 0.500000 1.000000 0.000000 -0.000000 -1.269465 -0.000000 0.000000 49.999996 176.946487 100.000000 0.000000
4325 0.000000 -100.000000 100.000000 0.714074 0.000000 0.000000 0.000000 0.500000 0.500000 1.000000 0.000000 -0.000000 -1.269465 -0.000000 0.000000 49.999996 176.946487 100.000000 0.000000
4341 0.000000 -100.000000 100.000000 0.714074 0.000000 0.000000 0.000000 0.500000 0.500000 1.000000 0.000000 -0.000000 -1.269465 -0.000000 0.000000 49.999996 176.946487 100.000000 0.000000
4357 0.000000 -100.000000 100.000000 0.714074 0.000000 0.000000 0.000000 0.500000 0.500000 1.000000 0.000000 -0.000000 -1.269465 -0.000000 0.000000 49.999996 176.946487 100.000000 0.000000
4373 0.000000 -100.000000 100.000000 0.714074 0.000000 0.000000 0.000000 0.500000 0.500000 1.000000 0.000000 -0.000000 -1.269465 -0.000000 0.000000 49.999996 176.946487 100.000000 0.000000
4389 0.000000 -100.000000 100.000000 0.714074 0.000000 0.000000 0.000000 0.500000 0.500000 1.000000 0.000000 -0.000000 -1.269465 -0.000000 0.000000 49.999996 176.946487 100.000000 0.000000
4405 0.000000 -100.000000 100.000000 0.714074 0.000000 0.000000 0.000000 0.500000 0.500000 1.000000 0.000000 -0.000000 -1.269465 -0.000000 0.000000 49.999996 176.946487 100.000000 0.000000
4421 0.000000 -100.000000 100.000000 0.714074 0.000000 0.000000 0.000000 0.500000 0.500000 1.000000 0.000000 -0.000000 -1.269465 -0.000000 0.000000 49.999996 176.946487 100.000000 0.000000
4437 0.000000 -100.000000 100.000000 0.714074 0.000000 0.000000 0.000000 0.500000 0.500000 1.000000 0.000000 -0.000000 -1.269465 -0.000000 0.000000 49.999996 176.946487 100.000000 0.000000
4453 0.000000 -100.000000 100.000000 0.714074 0.000000 0.000000 0.000000 0.500000 0.500000 1.000000 0.000000 -0.000000 -1.269465 -0.000000 0.000000 49.999996 176.946487 100.000000 0.000000
4469 0.000000 -100.000000 100.000000 0.714074 0.000000 0.000000 0.000000 0.500000 0.500000 1.000000 0.000000 -0.000000 -1.269465 -0.000000 0.000000 49.999996 176.946487 100.000000 0.000000
4485 0.000000 -100.000000 100.000000 0.714074 0.000000 0.000000 0.000000 0.500000 0.500000 1.000000 0.000000 -0.000000 -1.269465 -0.000000 0.000000 49.999996 176.946487 100.000000 0.000000
4501 0.000000 -100.000000 100.000000 0.714074 0.000000 0.000000 0.000000 0.500000 0.500000 1.000000 0.000000 -0.000000 -1.269465 -0.000000 0.000000 49.999996 176.946487 100.000000 0.000000
4517 0.000000 -100.000000 100.000000 0.714074 0.000000 0.000000 0.000000 0.500000 0.500000 1.000000 0.000000 -0.000000 -1.269465 -0.000000 0.000000 49.999996 176.946487 100.000000 0.000000
4533 0.000000 -100.000000 100.000000 0.714074 0.000000 0.000000 0.000000 0.500000 0.500000 1.000000 0.000000 -0.000000 -1.269465 -0.000000 0.000000 49.999996 176.946487 100.000000 0.000000
4549 0.000000 -100.000000 100.000000 0.714074 0.000000 0.000000 0.000000 0.500000 0.500000 1.000000 0.000000 -0.000000 -1.269465 -0.000000 0.000000 49.999996 176.946487 100.000000 0.000000
4565 0.000000 -100.000000 100.000000 0.714074 0.000000 0.000000 0.000000 0.500000 0.500000 1.000000 0.000000 -0.000000 -1.269465 -0.000000 0.000000 49.999996 176.946487 100.000000 0.000000
4581 0.000000 -100.000000 100.000000 0.714074 0.000000 0.000000 0.000000 0.500000 0.500000 1.000000 0.000000 -0.000000 -1.269465 -0.000000 0.000000 49.999996 176.946487 100.000000 0.000000
4597 0.000000 -100.000000 100.000000 0.714074 0.000000 0.000000 0.000000 0.500000 0.500000 1.000000 0.000000 -0.000000 -1.269465 -0.000000 0.000000 49.999996 176.946487 100.000000 0.000000
4613 0.000000 -100.000000 100.000000 0.714074 0.000000 0.000000 0.000000 0.500000 0.500000 1.000000 0.000000 -0.000000 -1.269465 -0.000000 0.000000 49.999996 176.946487 100.000000 0.000000
4629 0.000000 -100.000000 100.000000 0.714074 0.000000 0.000000 0.000000 0.500000 0.500000 1.000000 0.000000 -0.000000 -1.269465 -0.000000 0.000000 49.999996 176.946487 100.000000 0.000000
4645 0.000000 -100.000000 100.000000 0.714074 0.000000 0.000000 0.000000 0.500000 0.500000 1.000000 0.000000 -0.000000 -1.269465 -0.000000 0.000000 49.999996 176.946487 100.000000 0.000000
4661 0.000000 -100.000000 100.000000 0.714074 0.000000 0.000000 0.000000 0.500000 0.500000 1.000000 0.000000 -0.000000 -1.269465 -0.000000 0.000000 49.999996 176.946487 100.000000 0.000000
4677 0.000000 -100.000000 100.000000 0.714074 0.000000 0.000000 0.000000 0.500000 0.500000 1.000000 0.000000 -0.000000 -1.269465 -0.000000 0.000000 49.999996 176.946487 100.000000 0.000000
4693 0.000000 -100.000000 100.000000 0.714074 0.000000 0.000000 0.000000 0.500000 0.500000 1.000000 0.000000 -0.000000 -1.269465 -0.000000 0.000000 49.999996 176.946487 100.000000 0.000000
4710 0.000000 -100.000000 100.000000 0.714074 0.000000 0.000000 0.000000 0.500000 0.500000 1.000000 0.000000 -0.000000 -1.269465 -0.000000 0.000000 49.999996 176.946487 100.000000 0.000000
4726 0.000000 -100.000000 100.000000 0.714074 0.000000 0.000000 0.000000 0.500000 0.500000 1.000000 0.000000 -0.000000 -1.269465 -0.000000 0.000000 49.999996 176.946487 100.000000 0.000000
4742 0.000000 -100.000000 100.000000 0.714074 0.000000 0.000000 0.000000 0.500000 0.500000 1.000000 0.000000 -0.000000 -1.269465 -0.000000 0.000000 49.999996 176.946487 100.000000 0.000000
4758 0.000000 -100.000000 100.000000 0.714074 0.000000 0.000000 0.000000 0.500000 0.500000 1.000000 0.000000 -0.000000 -1.269465 -0.000000 0.000000 49.999996 176.946487 100.000000 0.000000
4774 0.000000 -100.000000 100.000000 0.714074 0.000000 0.000000 0.000000 0.500000 0.500000 1.000000 0.000000 -0.000000 -1.269465 -0.000000 0.000000 49.999996 176.946487 100.000000 0.000000
4790 0.000000 -100.000000 100.000000 0.714074 0.000000 0.000000 0.000000 0.500000 0.500000 1.000000 0.000000 -0.000000 -1.269465 -0.000000 0.000000 49.999996 176.946487 100.000000 0.000000
4806 0.000000 -100.000000 100.000000 0.714074 0.000000 0.000000 0.000000 0.500000 0.500000 1.000000 0.000000 -0.000000 -1.269465 -0.000000 0.000000 49.999996 176.946487 100.000000 0.000000
4822 0.000000 -100.000000 100.000000 0.714074 0.000000 0.000000 0.000000 0.500000 0.500000 1.000000 0.000000 -0.000000 -1.269465 -0.000000 0.000000 49.999996 176.946487 100.000000 0.000000
4838 0.000000 -100.000000 100.000000 0.714074 0.000000 0.000000 0.000000 0.500000 0.500000 1.000000 0.000000 -0.000000 -1.269465 -0.000000 0.000000 49.999996 176.946487 100.000000 0.000000
4854 0.000000 -100.000000 100.000000 0.714074 0.000000 0.000000 0.000000 0.500000 0.500000 1.000000 0.000000 -0.000000 -1.269465 -0.000000 0.000000 49.999996 176.946487 100.000000 0.000000
4870 0.000000 -100.000000 100.000000 0.714074 0.000000 0.000000 0.000000 0.500000 0.500000 1.000000 0.000000 -0.000000 -1.269465 -0.000000 0.000000 49.999996 176.946487 100.000000 0.000000
4886 0.000000 -100.000000 100.000000 0.714074 0.000000 0.000000 0.000000 0.500000 0.500000 1.000000 0.000000 -0.000000 -1.269465 -0.000000 0.000000 49.999996 176.946487 100.000000 0.000000
4902 0.000000 -100.000000 100.000000 0.714074 0.000000 0.000000 0.000000 0.500000 0.500000 1.000000 0.000000 -0.000000 -1.269465 -0.000000 0.000000 49.999996 176.946487 100.000000 0.000000
4918 0.000000 -100.000000 100.000000 0.714074 0.000000 0.000000 0.000000 0.500000 0.500000 1.000000 0.000000 -0.000000 -1.269465 -0.000000 0.000000 49.999996 176.946487 100.000000 0.000000
4934 0.000000 -100.000000 100.000000 0.714074 0.000000 0.000000 0.000000 0.500000 0.500000 1.000000 0.000000 -0.000000 -1.269465 -0.000000 0.000000 49.999996 176.946487 100.000000 0.000000
4950 0.000000 -100.000000 100.000000 0.714074 0.000000 0.000000 0.000000 0.500000 0.500000 1.000000 0.000000 -0.000000 -1.269465 -0.000000 0.000000 49.999996 176.946487 100.000000 0.000000
4966 0.000000 -100.000000 100.000000 0.714074 0.000000 0.000000 0.000000 0.500000 0.500000 1.000000 0.000000 -0.000000 -1.269465 -0.000000 0.000000 49.999996 176.946487 100.000000 0.000000
4982 0.000000 -100.000000 100.000000 0.714074 0.000000 0.000000 0.000000 0.500000 0.500000 1.000000 0.000000 -0.000000 -1.269465 -0.000000 0.000000 49.999996 176.946487 100.000000 0.000000
4998 0.000000 -100.000000 100.000000 0.714074 0.000000 0.000000 0.000000 0.500000 0.500000 1.000000 0.000000 -0.000000 -1.269465 -0.000000 0.000000 49.999996 176.946487 100.000000 0.000000
5014 0.000000 -100.000000 100.000000 0.714074 0.000000 0.000000 0.000000 0.500000 0.500000 1.000000 0.000000 -0.000000 -1.269465 -0.000000 0.000000 49.999996 176.946487 100.000000 0.000000
5030 0.000000 -100.000000 100.000000 0.714074 0.000000 0.000000 0.000000 0.500000 0.500000 1.000000 0.000000 -0.000000 -1.269465 -0.000000 0.000000 49.999996 176.946487 100.000000 0.000000
5046 0.000000 -100.000000 100.000000 0.714074 0.000000 0.000000 0.000000 0.500000 0.500000 1.000000 0.000000 -0.000000 -1.269465 -0.000000 0.000000 49.999996 176.946487 100.000000 0.000000
5073 0.000000 -100.000000 100.000000 0.714074 0.000000 0.000000 0.000000 0.500000 0.500000 1.000000 0.000000 -0.000000 -1.269465 -0.000000 0.000000 49.999996 176.946487 100.000000 0.000000
5087 0.000000 -100.000000 100.000000 0.714074 0.000000 0.000000 0.000000 0.500000 0.500000 1.000000 0.000000 -0.000000 -1.269465 -0.000000 0.000000 49.999996 176.946487 100.000000 0.000000
5101 0.000000 -100.000000 100.000000 0.714074 0.000000 0.000000 0.000000 0.500000 0.500000 1.000000 0.000000 -0.000000 -1.269465 -0.000000 0.000000 49.999996 176.946487 100.000000 0.000000
5115 0.000000 -100.000000 100.000000 0.714074 0.000000 0.000000 0.000000 0.500000 0.500000 1.000000 0.000000 -0.000000 -1.269465 -0.000000 0.000000 49.999996 176.946487 100.000000 0.000000
5129 0.000000 -100.000000 100.000000 0.714074 0.000000 0.000000 0.000000 0.500000 0.500000 1.000000 0.000000 -0.000000 -1.269465 -0.000000 0.000000 49.999996 176.946487 100.000000 0.000000
5143 0.000000 -100.000000 100.000000 0.714074 0.000000 0.000000 0.000000 0.500000 0.500000 1.000000 0.000000 -0.000000 -1.269465 -0.000000 0.000000 49.999996 176.946487 100.000000 0.000000
5157 0.000000 -100.000000 100.000000 0.714074 0.000000 0.000000 0.000000 0.500000 0.500000 1.000000 0.000000 -0.000000 -1.269465 -0.000000 0.000000 49.999996 176.946487 100.000000 0.000000
5179 0.000000 -100.000000 100.000000 0.714074 0.000000 0.000000 0.000000 0.500000 0.500000 1.000000 0.000000 -0.000000 -1.269465 -0.000000 0.000000 49.999996 176.946487 100.000000 0.000000
5193 0.000000 -100.000000 100.000000 0.714074 0.000000 0.000000 0.000000 0.500000 0.500000 1.000000 0.000000 -0.000000 -1.269465 -0.000000 0.000000 49.999996 176.946487 100.000000 0.000000
5207 0.000000 -100.000000 100.000000 0.714074 0.000000 0.000000 0.000000 0.500000 0.500000 1.000000 0.000000 -0.000000 -1.269465 -0.000000 0.000000 49.999996 176.946487 100.000000 0.000000
5221 0.000000 -100.000000 100.000000 0.714074 0.000000 0.000000 0.000000 0.500000 0.500000 1.000000 0.000000 -0.000000 -1.269465 -0.000000 0.000000 49.999996 176.946487 100.000000 0.000000
5235 0.000000 -100.000000 100.000000 0.714074 0.000000 0.000000 0.000000 0.500000 0.500000 1.000000 0.000000 -0.000000 -1.269465 -0.000000 0.000000 49.999996 176.946487 100.000000 0.000000
5249 0.000000 -100.000000 100.000000 0.714074 0.000000 0.000000 0.000000 0.500000 0.500000 1.000000 0.000000 -0.000000 -1.269465 -0.000000 0.000000 49.999996 176.946487 100.000000 0.000000
5263 0.000000 -100.000000 100.000000 0.714074 0.000000 0.000000 0.000000 0.500000 0.500000 1.000000 0.000000 -0.000000 -1.269465 -0.000000 0.000000 49.999996 176.946487 100.000000 0.000000
5278 0.000000 -100.000000 100.000000 0.714074 0.000000 0.000000 0.000000 0.500000 0.500000 1.000000 0.000000 -0.000000 -1.269465 -0.000000 0.000000 49.999996 176.946487 100.000000 0.000000
5294 0.000000 -100.000000 100.000000 0.714074 0.000000 0.000000 0.000000 0.500000 0.500000 1.000000 0.000000 -0.000000 -1.269465 -0.000000 0.000000 49.999996 176.946487 100.000000 0.000000
5310 0.000000 -100.000000 100.000000 0.714074 0.000000 0.000000 0.000000 0.500000 0.500000 1.000000 0.000000 -0.000000 -1.269465 -0.000000 0.000000 49.999996 176.946487 100.000000 0.000000
5326 0.000000 -100.000000 100.000000 0.714074 0.000000 0.000000 0.000000 0.500000 0.500000 1.000000 0.000000 -0.000000 -1.269465 -0.000000 0.000000 49.999996 176.946487 100.000000 0.000000
5342 0.000000 -100.000000 100.000000 0.714074 0.000000 0.000000 0.000000 0.500000 0.500000 1.000000 0.000000 -0.000000 -1.269465 -0.000000 0.000000 49.999996 176.946487 100.000000 0.000000
5358 0.000000 -100.000000 100.000000 0.714074 0.000000 0.000000 0.000000 0.500000 0.500000 1.000000 0.000000 -0.000000 -1.269465 -0.000000 0.000000 49.999996 176.946487 100.000000 0.000000
5374 0.000000 -100.000000 100.000000 0.714074 0.000000 0.000000 0.000000 0.500000 0.500000 1.000000 0.000000 -0.000000 -1.269465 -0.000000 0.000000 49.999996 176.946487 100.000000 0.000000
5390 0.000000 -100.000000 100.000000 0.714074 0.000000 0.000000 0.000000 0.500000 0.500000 1.000000 0.000000 -0.000000 -1.269465 -0.000000 0.000000 49.999996 176.946487 100.000000 0.000000
5406 0.000000 -100.000000 100.000000 0.714074 0.000000 0.000000 0.000000 0.500000 0.500000 1.000000 0.000000 -0.000000 -1.269465 -0.000000 0.000000 49.999996 176.946487 100.000000 0.000000
5423 0.000000 -100.000000 100.000000 0.714074 0.000000 0.000000 0.000000 0.500000 0.500000 1.000000 0.000000 -0.000000 -1.269465 -0.000000 0.000000 49.999996 176.946487 100.000000 0.000000
5440 0.000000 -100.000000 100.000000 0.714074 0.000000 0.000000 0.000000 0.500000 0.500000 1.000000 0.000000 -0.000000 -1.269465 -0.000000 0.000000 49.999996 176.946487 100.000000 0.000000
5455 0.000000 -100.000000 100.000000 0.714074 0.000000 0.000000 0.000000 0.500000 0.500000 1.000000 0.000000 -0.000000 -1.269465 -0.000000 0.000000 49.999996 176.946487 100.000000 0.000000
5471 0.000000 -100.000000 100.000000 0.714074 0.000000 0.000000 0.000000 0.500000 0.500000 1.000000 0.000000 -0.000000 -1.269465 -0.000000 0.000000 49.999996 176.946487 100.000000 0.000000
5487 0.000000 -100.000000 100.000000 0.714074 0.000000 0.000000 0.000000 0.500000 0.500000 1.000000 0.000000 -0.000000 -1.269465 -0.000000 0.000000 49.999996 176.946487 100.000000 0.000000
5503 0.000000 -100.000000 100.000000 0.714074 0.000000 0.000000 0.000000 0.500000 0.500000 1.000000 0.000000 -0.000000 -1.269465 -0.000000 0.000000 49.999996 176.946487 100.000000 0.000000
5519 0.000000 -100.000000 100.000000 0.714074 0.000000 0.000000 0.000000 0.500000 0.500000 1.000000 0.000000 -0.000000 -1.269465 -0.000000 0.000000 49.999996 176.946487 100.000000 0.000000
5535 0.000000 -100.000000 100.000000 0.714074 0.000000 0.000000 0.000000 0.500000 0.500000 1.000000 0.000000 -0.000000 -1.269465 -0.000000 0.000000 49.999996 176.946487 100.000000 0.000000
5551 0.000000 -100.000000 100.000000 0.714074 0.000000 0.000000 0.000000 0.500000 0.500000 1.000000 0.000000 -0.000000 -1.269465 -0.000000 0.000000 49.999996 176.946487 100.000000 0.000000
5567 0.000000 -100.000000 100.000000 0.714074 0.000000 0.000000 0.000000 0.500000 0.500000 1.000000 0.000000 -0.000000 -1.269465 -0.000000 0.000000 49.999996 176.946487 100.000000 0.000000
5583 0.000000 -100.000000 100.000000 0.714074 0.000000 0.000000 0.000000 0.500000 0.500000 1.000000 0.000000 -0.000000 -1.269465 -0.000000 0.000000 49.999996 176.946487 100.000000 0.000000
